0.17049703030859
0.196149917648308
0.19779890615876
0.0275785812188023
0.120581531218873
0.0803368275148874
0.0371241630729153
0.0052855998878256
0.0169965639536389
0.000978027775520396
0.121281748087071
0.0487516058206025
0.230566956196938
0.110003772485585
0.00227703483104512
0.577023851701296
0.0941808823259976
0.00326477552796823
0.0261967641485331
0.0154461897868242
0.0126746616055274
0.104271175476579
0.00589932738860218
0.371340160814937
0.247396039947398
0.0145730927901488
0.580351310303343
0.0172981095590673
0.293403130179912
0.00872502369362922
0.00296046144637324
0.00828347895927176
0.0269515130266654
0.0315287183101238
0.00262342367281115
0.00992682474989586
0.034095286834823
0.0393651242653578
0.0254377087409116
0.0451837318030683
0.048118536340349
0.0587092406879467
0.0229175498731891
0.24101643619963
0.283284761895498
0.0484672971532247
0.0561479567133561
0.00198554817956145
0.450003336374803
0.00153375932154367
0.0688399173554223
0.0356000220932884
0.0251700936001954
0.129282402962621
0.0548904569585528
0.0999154621123102
0.0436053544169667
0.0413762415422077
0.306383064479114
0.0010534645703075
0.0827421303102095
0.0345565113713059
0.0118059626450429
0.0437599288745086
0.000989637730714113
0.00456357306480641
0.0959097941180002
0.565179858034997
0.157075667335708
0.0790904005707203
0.0390387462709781
0.0830653967825902
0.0820305641607099
0.00516377276733261
0.190581693507751
0.10909206827327
0.278429144961799
0.00770117982814294
0.0883265606109334
0.00122169667369309
0.00560279014241045
0.355318769850243
0.033691834790151
0.000962848524797893
0.406955590941535
0.0864037414979691
0.145491269218943
0.00141295129356942
0.0010296299751335
0.110109126445111
0.0469276678816973
0.243613531267865
0.0156404343417333
0.167223198957186
0.00248584416827123
0.217278271255092
0.00346822172559791
0.0552457692241181
0.0287158006562168
0.0626922583797597
0.267796713139459
0.282255704639002
0.241387430738146
0.0561398278364159
0.406183599957063
0.112754951451624
0.445062393533149
0.214915010255416
0.0273041115321909
0.0616236194673741
0.0302187742437571
0.0220215275423567
0.0527322807504869
0.0321724760402544
0.00832261306631323
0.0344300009780588
0.0255106681677778
0.0324061476256671
0.00843182670044547
0.0691129297697099
0.230401206848963
0.00189422583839006
0.00273999629232268
0.00307386469603429
0.0344951859858765
0.00381955484347566
0.0341436557546627
0.0108640187437735
0.0680786914615032
0.00250938144490878
0.110876826988456
0.357798479223318
0.192408360123812
0.123468762148225
0.0061774219509515
0.0367224594248929
0.342213689999928
0.00593836981100788
0.0445479899494065
0.28088970400174
0.00537100725905309
0.0557211184618309
0.110753139229371
0.105606576513396
0.101905945286456
0.224053853212284
0.0467903495150166
0.00291474557352118
0.232256876495529
0.0539272634816728
0.00342401414361817
1
0.188928084894483
0.0389254445209281
0.0327376854287367
0.327296126617898
0.129880814881914
0.249766896969617
0.249031856072119
0.255726465875468
0.0135969349308492
0.0633417501706768
0.0104612345534082
0.00200049769001548
0.204047353145278
0.579947268125449
0.029032287993159
0.12118510428099
0.0753642208354083
0.00131190553364541
0.00714851611272508
0.1267492845996
0.220561048097097
0.0182010270162018
0.0684116029582445
0.0257724598083582
0.053266190069857
0.342022583838823
0.0269275978948181
0.0301458248764752
0.00556521795055418
0.349100770012444
0.0812480435845688
0.0566038775483113
0.226686612788198
0.259765950699543
0.490715043412656
0.0455272768348441
0.0861134410910331
0.362963195184216
0.42000914939406
0.347027168902671
0.0226153247628744
0.0771436485511794
0.113959579936095
0.0143983796447935
0.307311186710811
0.0590455432951334
0.00135511479666252
0.00270165501562757
0.112062231856885
0.0699096315285743
0.0508245035022861
0.116430478163588
0.372518726851682
0.182953761246234
0.0347951328756952
0.136874919886742
0.0405768086660558
0.0901866223081043
0.0042956923587968
0.00169971124761253
0.0592163471308054
0.257961061259066
0.00393359991229358
0.0544978854237159
0.172107397501242
0.0256105424163437
0.174630161003364
0.11627606286018
0.0037254035762243
0.148331253114975
0.240075730593159
0.00780004148061866
0.00565853891937375
0.0360246436424381
0.00399618120712251
0.30827615241041
0.150211055788111
0.21729725742412
0.141928324667227
0.00139878473592339
0.0026165842914401
0.00147468558872834
0.140980844140001
0.072471643482329
0.00142713796873717
0.00155247975767968
0.283219776619699
0.0366080587505315
0.0687602309233954
0.00465775333532377
0.173302118672628
0.187180937296601
0.0166899697976986
0.0190128399122938
0.110109126445111
0.181033977713288
0.0592085404551798
0.170402645909904
0.184668095605728
0.334149592002318
0.00114908691565666
0.144476147802675
0.214979441369415
0.134321276740649
0.0592382876647221
0.0413486751849435
0.118395943492783
0.172831872111756
0.252406278558018
0.00413306504728659
0.00531234676763112
0.370685561229334
0.119490431885917
0.280714955544937
0.0823324926872591
0.255374055935472
0.0240679067093491
0.0121405452090781
0.00815495453962189
0.134938186470608
0.00755950596009135
0.0869434932425759
0.0591645270991721
0.168765390065403
0.348850409952266
0.0093882241516664
0.549222558610057
0.353233059298501
0.149453648915561
0.39868618280259
0.00111897347481322
0.0494808302277544
0.20066616501679
0.0691432576442613
0.128200053275733
0.18946430761195
0.0925031632857289
0.129808222498041
0.111742923878571
0.0408238981240083
0.0399002415022308
0.119223633574078
0.0054888614271344
0.185453070557191
0.175303495082705
0.0770860937510617
0.00299973626500112
0.123693686704727
0.0899690058536818
0.0255780788818247
0.435879252215958
0.00179433293594817
0.0426681393498955
0.988770426298378
0.0502306804380057
0.00577530235072066
0.795111450888877
0.00282784756470645
0.0857620598971567
0.0629912342824795
0.0476291644740734
0.00115341233606144
0.122954132838685
0.115872206374369
0.0038994006776998
0.0842573111535595
0.059411949882772
0.417571864787107
0.0905916332105712
0.0209975623083768
0.0584648573045089
0.00111395839938033
0.5089423174272
0.073536028821102
0.00245366007740049
0.0593002958941358
0.0652541042858344
0.0340752236787207
0.139513016118791
0.00474386258485868
0.0010584158449313
0.126486971837778
0.0551647708007423
0.00144915798306044
0.216585036705369
0.059889121476706
0.0777929833908103
0.0882548031393372
0.370772832614835
0.064027128975833
0.242970361372555
0.041386039774103
0.192975291933497
0.582005382638441
0.0151143480241479
0.221688334685216
0.0100303071615975
0.0417171529212072
0.0408023064535325
0.178556140850357
0.00182643237312588
0.00294555801028445
0.00386614039399742
0.380529459806075
0.00279755403493071
0.579359235407451
0.00160007051014807
0.165960857181512
0.0517969667746358
0.0012103879963033
0.494297980003953
0.0192138397192813
0.292987301742464
0.0457872504168564
0.039297454844588
0.491379828725162
0.146482315487107
0.184716027903537
0.0276184234659086
0.0773862009988272
0.0840377979724665
0.0195234028318813
0.116109230354515
0.340542178370666
0.29478537199705
0.173654505690539
0.378252045852162
0.0904774637920494
0.0607931321423798
0.00727748843699317
0.00398722079591298
0.0753524833923062
0.106286913778124
0.0109288321733965
0.0409471766897035
0.0261876496740426
0.176322936920407
0.00167615279201748
0.00556653984430364
0.0299499880832254
0.0104795049577564
0.228679783290998
0.117094993616465
0.0711000159193723
0.0339039728743025
0.231834351591487
0.00529805125449606
0.0465521015529146
0.0568330198568672
0.0567636899470001
0.365021309697209
0.017891374969366
0.00646682297066234
0.0266246035353697
0.00176335280335686
0.0259592957123606
0.00132985937496265
0.0823516391140986
0.00285895519763225
0.018220027015395
0.0380658356224966
0.0317736058361452
0.132111972497344
0.0819424894607644
0.0505430120281738
0.159266807095758
0.0288999158256134
0.0117616110169965
0.0689903952450194
0.00639625202131847
0.24594468430263
0.32224192946286
0.228387493535678
0.139648991025293
0.0547544481361839
0.0294945380623233
0.216287127771941
0.00110774595391753
0.115287726143916
0.13896541480607
0.00697048229031535
0.13862871326801
0.375017865903174
0.0410447340345174
0.0500943097001138
0.229911014930762
0.0361757738472093
0.0279369530205059
0.0367340653527527
0.179890402879791
0.179846358149589
0.1398178889668
0.171077140793868
0.412748445644107
0.0189643420693684
0.0396895575935298
0.0335633069163715
0.00859418555043437
0.0915881436003092
0.0424323830213015
0.0232272923609178
0.00105236787663798
0.199919248795177
0.0836567555503618
0.0352086644420245
0.00279951460991167
